t1 =
-30	-18	 -6	  6	 18	 30	 42	 54	 66	 78	 90	-90	-78	-66	-54	-42	
-31	-19	 -7	  5	 17	 29	 41	 53	 65	 77	 89	-91	-79	-67	-55	-43	
-32	-20	 -8	  4	 16	 28	 40	 52	 64	 76	 88	-92	-80	-68	-56	-44	
-33	-21	 -9	  3	 15	 27	 39	 51	 63	 75	 87	-93	-81	-69	-57	-45	
-34	-22	-10	  2	 14	 26	 38	 50	 62	 74	 86	-94	-82	-70	-58	-46	
-35	-23	-11	  1	 13	 25	 37	 49	 61	 73	 85	-95	-83	-71	-59	-47	
-36	-24	-12	  0	 12	 24	 36	 48	 60	 72	 84	 96	-84	-72	-60	-48	
-37	-25	-13	 -1	 11	 23	 35	 47	 59	 71	 83	 95	-85	-73	-61	-49	
-38	-26	-14	 -2	 10	 22	 34	 46	 58	 70	 82	 94	-86	-74	-62	-50	
-39	-27	-15	 -3	  9	 21	 33	 45	 57	 69	 81	 93	-87	-75	-63	-51	
-40	-28	-16	 -4	  8	 20	 32	 44	 56	 68	 80	 92	-88	-76	-64	-52	
-41	-29	-17	 -5	  7	 19	 31	 43	 55	 67	 79	 91	-89	-77	-65	-53	