t1 =
-16	 16	 48	-48	
-17	 15	 47	-49	
-18	 14	 46	-50	
-19	 13	 45	-51	
-20	 12	 44	-52	
-21	 11	 43	-53	
-22	 10	 42	-54	
-23	  9	 41	-55	
-24	  8	 40	-56	
-25	  7	 39	-57	
-26	  6	 38	-58	
-27	  5	 37	-59	
-28	  4	 36	-60	
-29	  3	 35	-61	
-30	  2	 34	-62	
-31	  1	 33	-63	
-32	  0	 32	 64	
-33	 -1	 31	 63	
-34	 -2	 30	 62	
-35	 -3	 29	 61	
-36	 -4	 28	 60	
-37	 -5	 27	 59	
-38	 -6	 26	 58	
-39	 -7	 25	 57	
-40	 -8	 24	 56	
-41	 -9	 23	 55	
-42	-10	 22	 54	
-43	-11	 21	 53	
-44	-12	 20	 52	
-45	-13	 19	 51	
-46	-14	 18	 50	
-47	-15	 17	 49	