t1 =
-70	-42	-14	 14	 42	 70	 98	
-71	-43	-15	 13	 41	 69	 97	
-72	-44	-16	 12	 40	 68	 96	
-73	-45	-17	 11	 39	 67	 95	
-74	-46	-18	 10	 38	 66	 94	
-75	-47	-19	  9	 37	 65	 93	
-76	-48	-20	  8	 36	 64	 92	
-77	-49	-21	  7	 35	 63	 91	
-78	-50	-22	  6	 34	 62	 90	
-79	-51	-23	  5	 33	 61	 89	
-80	-52	-24	  4	 32	 60	 88	
-81	-53	-25	  3	 31	 59	 87	
-82	-54	-26	  2	 30	 58	 86	
-83	-55	-27	  1	 29	 57	 85	
-84	-56	-28	  0	 28	 56	 84	
-85	-57	-29	 -1	 27	 55	 83	
-86	-58	-30	 -2	 26	 54	 82	
-87	-59	-31	 -3	 25	 53	 81	
-88	-60	-32	 -4	 24	 52	 80	
-89	-61	-33	 -5	 23	 51	 79	
-90	-62	-34	 -6	 22	 50	 78	
-91	-63	-35	 -7	 21	 49	 77	
-92	-64	-36	 -8	 20	 48	 76	
-93	-65	-37	 -9	 19	 47	 75	
-94	-66	-38	-10	 18	 46	 74	
-95	-67	-39	-11	 17	 45	 73	
-96	-68	-40	-12	 16	 44	 72	
-97	-69	-41	-13	 15	 43	 71	