t1 =
 -6	  6	 18	 30	 42	 54	 66	 78	 90	-90	-78	-66	-54	-42	-30	-18	
 -7	  5	 17	 29	 41	 53	 65	 77	 89	-91	-79	-67	-55	-43	-31	-19	
 -8	  4	 16	 28	 40	 52	 64	 76	 88	-92	-80	-68	-56	-44	-32	-20	
 -9	  3	 15	 27	 39	 51	 63	 75	 87	-93	-81	-69	-57	-45	-33	-21	
-10	  2	 14	 26	 38	 50	 62	 74	 86	-94	-82	-70	-58	-46	-34	-22	
-11	  1	 13	 25	 37	 49	 61	 73	 85	-95	-83	-71	-59	-47	-35	-23	
-12	  0	 12	 24	 36	 48	 60	 72	 84	 96	-84	-72	-60	-48	-36	-24	
-13	 -1	 11	 23	 35	 47	 59	 71	 83	 95	-85	-73	-61	-49	-37	-25	
-14	 -2	 10	 22	 34	 46	 58	 70	 82	 94	-86	-74	-62	-50	-38	-26	
-15	 -3	  9	 21	 33	 45	 57	 69	 81	 93	-87	-75	-63	-51	-39	-27	
-16	 -4	  8	 20	 32	 44	 56	 68	 80	 92	-88	-76	-64	-52	-40	-28	
-17	 -5	  7	 19	 31	 43	 55	 67	 79	 91	-89	-77	-65	-53	-41	-29	