t1 =
 19	 58	 97	-59	-20	
 18	 57	 96	-60	-21	
 17	 56	 95	-61	-22	
 16	 55	 94	-62	-23	
 15	 54	 93	-63	-24	
 14	 53	 92	-64	-25	
 13	 52	 91	-65	-26	
 12	 51	 90	-66	-27	
 11	 50	 89	-67	-28	
 10	 49	 88	-68	-29	
  9	 48	 87	-69	-30	
  8	 47	 86	-70	-31	
  7	 46	 85	-71	-32	
  6	 45	 84	-72	-33	
  5	 44	 83	-73	-34	
  4	 43	 82	-74	-35	
  3	 42	 81	-75	-36	
  2	 41	 80	-76	-37	
  1	 40	 79	-77	-38	
  0	 39	 78	-78	-39	
 -1	 38	 77	-79	-40	
 -2	 37	 76	-80	-41	
 -3	 36	 75	-81	-42	
 -4	 35	 74	-82	-43	
 -5	 34	 73	-83	-44	
 -6	 33	 72	-84	-45	
 -7	 32	 71	-85	-46	
 -8	 31	 70	-86	-47	
 -9	 30	 69	-87	-48	
-10	 29	 68	-88	-49	
-11	 28	 67	-89	-50	
-12	 27	 66	-90	-51	
-13	 26	 65	-91	-52	
-14	 25	 64	-92	-53	
-15	 24	 63	-93	-54	
-16	 23	 62	-94	-55	
-17	 22	 61	-95	-56	
-18	 21	 60	-96	-57	
-19	 20	 59	-97	-58	