t1 =
-48	 48	
-49	 47	
-50	 46	
-51	 45	
-52	 44	
-53	 43	
-54	 42	
-55	 41	
-56	 40	
-57	 39	
-58	 38	
-59	 37	
-60	 36	
-61	 35	
-62	 34	
-63	 33	
-64	 32	
-65	 31	
-66	 30	
-67	 29	
-68	 28	
-69	 27	
-70	 26	
-71	 25	
-72	 24	
-73	 23	
-74	 22	
-75	 21	
-76	 20	
-77	 19	
-78	 18	
-79	 17	
-80	 16	
-81	 15	
-82	 14	
-83	 13	
-84	 12	
-85	 11	
-86	 10	
-87	  9	
-88	  8	
-89	  7	
-90	  6	
-91	  5	
-92	  4	
-93	  3	
-94	  2	
-95	  1	
 96	  0	
 95	 -1	
 94	 -2	
 93	 -3	
 92	 -4	
 91	 -5	
 90	 -6	
 89	 -7	
 88	 -8	
 87	 -9	
 86	-10	
 85	-11	
 84	-12	
 83	-13	
 82	-14	
 81	-15	
 80	-16	
 79	-17	
 78	-18	
 77	-19	
 76	-20	
 75	-21	
 74	-22	
 73	-23	
 72	-24	
 71	-25	
 70	-26	
 69	-27	
 68	-28	
 67	-29	
 66	-30	
 65	-31	
 64	-32	
 63	-33	
 62	-34	
 61	-35	
 60	-36	
 59	-37	
 58	-38	
 57	-39	
 56	-40	
 55	-41	
 54	-42	
 53	-43	
 52	-44	
 51	-45	
 50	-46	
 49	-47	