t1 =
-24	 24	 72	-72	
-25	 23	 71	-73	
-26	 22	 70	-74	
-27	 21	 69	-75	
-28	 20	 68	-76	
-29	 19	 67	-77	
-30	 18	 66	-78	
-31	 17	 65	-79	
-32	 16	 64	-80	
-33	 15	 63	-81	
-34	 14	 62	-82	
-35	 13	 61	-83	
-36	 12	 60	-84	
-37	 11	 59	-85	
-38	 10	 58	-86	
-39	  9	 57	-87	
-40	  8	 56	-88	
-41	  7	 55	-89	
-42	  6	 54	-90	
-43	  5	 53	-91	
-44	  4	 52	-92	
-45	  3	 51	-93	
-46	  2	 50	-94	
-47	  1	 49	-95	
-48	  0	 48	 96	
-49	 -1	 47	 95	
-50	 -2	 46	 94	
-51	 -3	 45	 93	
-52	 -4	 44	 92	
-53	 -5	 43	 91	
-54	 -6	 42	 90	
-55	 -7	 41	 89	
-56	 -8	 40	 88	
-57	 -9	 39	 87	
-58	-10	 38	 86	
-59	-11	 37	 85	
-60	-12	 36	 84	
-61	-13	 35	 83	
-62	-14	 34	 82	
-63	-15	 33	 81	
-64	-16	 32	 80	
-65	-17	 31	 79	
-66	-18	 30	 78	
-67	-19	 29	 77	
-68	-20	 28	 76	
-69	-21	 27	 75	
-70	-22	 26	 74	
-71	-23	 25	 73	