t1 =
 24	 72	-72	-24	
 23	 71	-73	-25	
 22	 70	-74	-26	
 21	 69	-75	-27	
 20	 68	-76	-28	
 19	 67	-77	-29	
 18	 66	-78	-30	
 17	 65	-79	-31	
 16	 64	-80	-32	
 15	 63	-81	-33	
 14	 62	-82	-34	
 13	 61	-83	-35	
 12	 60	-84	-36	
 11	 59	-85	-37	
 10	 58	-86	-38	
  9	 57	-87	-39	
  8	 56	-88	-40	
  7	 55	-89	-41	
  6	 54	-90	-42	
  5	 53	-91	-43	
  4	 52	-92	-44	
  3	 51	-93	-45	
  2	 50	-94	-46	
  1	 49	-95	-47	
  0	 48	 96	-48	
 -1	 47	 95	-49	
 -2	 46	 94	-50	
 -3	 45	 93	-51	
 -4	 44	 92	-52	
 -5	 43	 91	-53	
 -6	 42	 90	-54	
 -7	 41	 89	-55	
 -8	 40	 88	-56	
 -9	 39	 87	-57	
-10	 38	 86	-58	
-11	 37	 85	-59	
-12	 36	 84	-60	
-13	 35	 83	-61	
-14	 34	 82	-62	
-15	 33	 81	-63	
-16	 32	 80	-64	
-17	 31	 79	-65	
-18	 30	 78	-66	
-19	 29	 77	-67	
-20	 28	 76	-68	
-21	 27	 75	-69	
-22	 26	 74	-70	
-23	 25	 73	-71	