t1 =
 16	 48	-48	-16	
 15	 47	-49	-17	
 14	 46	-50	-18	
 13	 45	-51	-19	
 12	 44	-52	-20	
 11	 43	-53	-21	
 10	 42	-54	-22	
  9	 41	-55	-23	
  8	 40	-56	-24	
  7	 39	-57	-25	
  6	 38	-58	-26	
  5	 37	-59	-27	
  4	 36	-60	-28	
  3	 35	-61	-29	
  2	 34	-62	-30	
  1	 33	-63	-31	
  0	 32	 64	-32	
 -1	 31	 63	-33	
 -2	 30	 62	-34	
 -3	 29	 61	-35	
 -4	 28	 60	-36	
 -5	 27	 59	-37	
 -6	 26	 58	-38	
 -7	 25	 57	-39	
 -8	 24	 56	-40	
 -9	 23	 55	-41	
-10	 22	 54	-42	
-11	 21	 53	-43	
-12	 20	 52	-44	
-13	 19	 51	-45	
-14	 18	 50	-46	
-15	 17	 49	-47	