t1 = 
   -95   -47
   -94   -46
   -93   -45
   -92   -44
   -91   -43
   -90   -42
   -89   -41
   -88   -40
   -87   -39
   -86   -38
   -85   -37
   -84   -36
   -83   -35
   -82   -34
   -81   -33
   -80   -32
   -79   -31
   -78   -30
   -77   -29
   -76   -28
   -75   -27
   -74   -26
   -73   -25
   -72   -24
   -71   -23
   -70   -22
   -69   -21
   -68   -20
   -67   -19
   -66   -18
   -65   -17
   -64   -16
   -63   -15
   -62   -14
   -61   -13
   -60   -12
   -59   -11
   -58   -10
   -57    -9
   -56    -8
   -55    -7
   -54    -6
   -53    -5
   -52    -4
   -51    -3
   -50    -2
   -49    -1
   -48     0
    49     1
    50     2
    51     3
    52     4
    53     5
    54     6
    55     7
    56     8
    57     9
    58    10
    59    11
    60    12
    61    13
    62    14
    63    15
    64    16
    65    17
    66    18
    67    19
    68    20
    69    21
    70    22
    71    23
    72    24
    73    25
    74    26
    75    27
    76    28
    77    29
    78    30
    79    31
    80    32
    81    33
    82    34
    83    35
    84    36
    85    37
    86    38
    87    39
    88    40
    89    41
    90    42
    91    43
    92    44
    93    45
    94    46
    95    47
    96    48
