t1 =
-72	-24	 24	 72	
-73	-25	 23	 71	
-74	-26	 22	 70	
-75	-27	 21	 69	
-76	-28	 20	 68	
-77	-29	 19	 67	
-78	-30	 18	 66	
-79	-31	 17	 65	
-80	-32	 16	 64	
-81	-33	 15	 63	
-82	-34	 14	 62	
-83	-35	 13	 61	
-84	-36	 12	 60	
-85	-37	 11	 59	
-86	-38	 10	 58	
-87	-39	  9	 57	
-88	-40	  8	 56	
-89	-41	  7	 55	
-90	-42	  6	 54	
-91	-43	  5	 53	
-92	-44	  4	 52	
-93	-45	  3	 51	
-94	-46	  2	 50	
-95	-47	  1	 49	
 96	-48	  0	 48	
 95	-49	 -1	 47	
 94	-50	 -2	 46	
 93	-51	 -3	 45	
 92	-52	 -4	 44	
 91	-53	 -5	 43	
 90	-54	 -6	 42	
 89	-55	 -7	 41	
 88	-56	 -8	 40	
 87	-57	 -9	 39	
 86	-58	-10	 38	
 85	-59	-11	 37	
 84	-60	-12	 36	
 83	-61	-13	 35	
 82	-62	-14	 34	
 81	-63	-15	 33	
 80	-64	-16	 32	
 79	-65	-17	 31	
 78	-66	-18	 30	
 77	-67	-19	 29	
 76	-68	-20	 28	
 75	-69	-21	 27	
 74	-70	-22	 26	
 73	-71	-23	 25	