t1 =
-24	 -8	  8	 24	 40	 56	 72	 88	-88	-72	-56	-40	
-25	 -9	  7	 23	 39	 55	 71	 87	-89	-73	-57	-41	
-26	-10	  6	 22	 38	 54	 70	 86	-90	-74	-58	-42	
-27	-11	  5	 21	 37	 53	 69	 85	-91	-75	-59	-43	
-28	-12	  4	 20	 36	 52	 68	 84	-92	-76	-60	-44	
-29	-13	  3	 19	 35	 51	 67	 83	-93	-77	-61	-45	
-30	-14	  2	 18	 34	 50	 66	 82	-94	-78	-62	-46	
-31	-15	  1	 17	 33	 49	 65	 81	-95	-79	-63	-47	
-32	-16	  0	 16	 32	 48	 64	 80	 96	-80	-64	-48	
-33	-17	 -1	 15	 31	 47	 63	 79	 95	-81	-65	-49	
-34	-18	 -2	 14	 30	 46	 62	 78	 94	-82	-66	-50	
-35	-19	 -3	 13	 29	 45	 61	 77	 93	-83	-67	-51	
-36	-20	 -4	 12	 28	 44	 60	 76	 92	-84	-68	-52	
-37	-21	 -5	 11	 27	 43	 59	 75	 91	-85	-69	-53	
-38	-22	 -6	 10	 26	 42	 58	 74	 90	-86	-70	-54	
-39	-23	 -7	  9	 25	 41	 57	 73	 89	-87	-71	-55	