t1 =
-47	-95	
-46	-94	
-45	-93	
-44	-92	
-43	-91	
-42	-90	
-41	-89	
-40	-88	
-39	-87	
-38	-86	
-37	-85	
-36	-84	
-35	-83	
-34	-82	
-33	-81	
-32	-80	
-31	-79	
-30	-78	
-29	-77	
-28	-76	
-27	-75	
-26	-74	
-25	-73	
-24	-72	
-23	-71	
-22	-70	
-21	-69	
-20	-68	
-19	-67	
-18	-66	
-17	-65	
-16	-64	
-15	-63	
-14	-62	
-13	-61	
-12	-60	
-11	-59	
-10	-58	
 -9	-57	
 -8	-56	
 -7	-55	
 -6	-54	
 -5	-53	
 -4	-52	
 -3	-51	
 -2	-50	
 -1	-49	
  0	-48	
  1	 49	
  2	 50	
  3	 51	
  4	 52	
  5	 53	
  6	 54	
  7	 55	
  8	 56	
  9	 57	
 10	 58	
 11	 59	
 12	 60	
 13	 61	
 14	 62	
 15	 63	
 16	 64	
 17	 65	
 18	 66	
 19	 67	
 20	 68	
 21	 69	
 22	 70	
 23	 71	
 24	 72	
 25	 73	
 26	 74	
 27	 75	
 28	 76	
 29	 77	
 30	 78	
 31	 79	
 32	 80	
 33	 81	
 34	 82	
 35	 83	
 36	 84	
 37	 85	
 38	 86	
 39	 87	
 40	 88	
 41	 89	
 42	 90	
 43	 91	
 44	 92	
 45	 93	
 46	 94	
 47	 95	
 48	 96	