t1 =
 24	 40	 56	-56	-40	-24	 -8	  8	
 23	 39	 55	-57	-41	-25	 -9	  7	
 22	 38	 54	-58	-42	-26	-10	  6	
 21	 37	 53	-59	-43	-27	-11	  5	
 20	 36	 52	-60	-44	-28	-12	  4	
 19	 35	 51	-61	-45	-29	-13	  3	
 18	 34	 50	-62	-46	-30	-14	  2	
 17	 33	 49	-63	-47	-31	-15	  1	
 16	 32	 48	 64	-48	-32	-16	  0	
 15	 31	 47	 63	-49	-33	-17	 -1	
 14	 30	 46	 62	-50	-34	-18	 -2	
 13	 29	 45	 61	-51	-35	-19	 -3	
 12	 28	 44	 60	-52	-36	-20	 -4	
 11	 27	 43	 59	-53	-37	-21	 -5	
 10	 26	 42	 58	-54	-38	-22	 -6	
  9	 25	 41	 57	-55	-39	-23	 -7	