t1 =
-50	-30	-10	 10	 30	 50	 70	 90	-90	-70	
-51	-31	-11	  9	 29	 49	 69	 89	-91	-71	
-52	-32	-12	  8	 28	 48	 68	 88	-92	-72	
-53	-33	-13	  7	 27	 47	 67	 87	-93	-73	
-54	-34	-14	  6	 26	 46	 66	 86	-94	-74	
-55	-35	-15	  5	 25	 45	 65	 85	-95	-75	
-56	-36	-16	  4	 24	 44	 64	 84	-96	-76	
-57	-37	-17	  3	 23	 43	 63	 83	-97	-77	
-58	-38	-18	  2	 22	 42	 62	 82	-98	-78	
-59	-39	-19	  1	 21	 41	 61	 81	-99	-79	
-60	-40	-20	  0	 20	 40	 60	 80	100	-80	
-61	-41	-21	 -1	 19	 39	 59	 79	 99	-81	
-62	-42	-22	 -2	 18	 38	 58	 78	 98	-82	
-63	-43	-23	 -3	 17	 37	 57	 77	 97	-83	
-64	-44	-24	 -4	 16	 36	 56	 76	 96	-84	
-65	-45	-25	 -5	 15	 35	 55	 75	 95	-85	
-66	-46	-26	 -6	 14	 34	 54	 74	 94	-86	
-67	-47	-27	 -7	 13	 33	 53	 73	 93	-87	
-68	-48	-28	 -8	 12	 32	 52	 72	 92	-88	
-69	-49	-29	 -9	 11	 31	 51	 71	 91	-89	