t1 =
-35	-21	 -7	  7	 21	 35	 49	 63	 77	 91	-91	-77	-63	-49	
-36	-22	 -8	  6	 20	 34	 48	 62	 76	 90	-92	-78	-64	-50	
-37	-23	 -9	  5	 19	 33	 47	 61	 75	 89	-93	-79	-65	-51	
-38	-24	-10	  4	 18	 32	 46	 60	 74	 88	-94	-80	-66	-52	
-39	-25	-11	  3	 17	 31	 45	 59	 73	 87	-95	-81	-67	-53	
-40	-26	-12	  2	 16	 30	 44	 58	 72	 86	-96	-82	-68	-54	
-41	-27	-13	  1	 15	 29	 43	 57	 71	 85	-97	-83	-69	-55	
-42	-28	-14	  0	 14	 28	 42	 56	 70	 84	 98	-84	-70	-56	
-43	-29	-15	 -1	 13	 27	 41	 55	 69	 83	 97	-85	-71	-57	
-44	-30	-16	 -2	 12	 26	 40	 54	 68	 82	 96	-86	-72	-58	
-45	-31	-17	 -3	 11	 25	 39	 53	 67	 81	 95	-87	-73	-59	
-46	-32	-18	 -4	 10	 24	 38	 52	 66	 80	 94	-88	-74	-60	
-47	-33	-19	 -5	  9	 23	 37	 51	 65	 79	 93	-89	-75	-61	
-48	-34	-20	 -6	  8	 22	 36	 50	 64	 78	 92	-90	-76	-62	