t1 =
-53	-32	-11	 10	 31	 52	 73	-74	
-54	-33	-12	  9	 30	 51	 72	-75	
-55	-34	-13	  8	 29	 50	 71	-76	
-56	-35	-14	  7	 28	 49	 70	-77	
-57	-36	-15	  6	 27	 48	 69	-78	
-58	-37	-16	  5	 26	 47	 68	-79	
-59	-38	-17	  4	 25	 46	 67	-80	
-60	-39	-18	  3	 24	 45	 66	-81	
-61	-40	-19	  2	 23	 44	 65	-82	
-62	-41	-20	  1	 22	 43	 64	-83	
-63	-42	-21	  0	 21	 42	 63	 84	
-64	-43	-22	 -1	 20	 41	 62	 83	
-65	-44	-23	 -2	 19	 40	 61	 82	
-66	-45	-24	 -3	 18	 39	 60	 81	
-67	-46	-25	 -4	 17	 38	 59	 80	
-68	-47	-26	 -5	 16	 37	 58	 79	
-69	-48	-27	 -6	 15	 36	 57	 78	
-70	-49	-28	 -7	 14	 35	 56	 77	
-71	-50	-29	 -8	 13	 34	 55	 76	
-72	-51	-30	 -9	 12	 33	 54	 75	
-73	-52	-31	-10	 11	 32	 53	 74	