t1 =
-30	-18	 -6	  6	 18	 30	 42	 54	 66	-54	-42	
-31	-19	 -7	  5	 17	 29	 41	 53	 65	-55	-43	
-32	-20	 -8	  4	 16	 28	 40	 52	 64	-56	-44	
-33	-21	 -9	  3	 15	 27	 39	 51	 63	-57	-45	
-34	-22	-10	  2	 14	 26	 38	 50	 62	-58	-46	
-35	-23	-11	  1	 13	 25	 37	 49	 61	-59	-47	
-36	-24	-12	  0	 12	 24	 36	 48	 60	-60	-48	
-37	-25	-13	 -1	 11	 23	 35	 47	 59	-61	-49	
-38	-26	-14	 -2	 10	 22	 34	 46	 58	-62	-50	
-39	-27	-15	 -3	  9	 21	 33	 45	 57	-63	-51	
-40	-28	-16	 -4	  8	 20	 32	 44	 56	-64	-52	
-41	-29	-17	 -5	  7	 19	 31	 43	 55	-65	-53	