t1 =
-32	 32	
-33	 31	
-34	 30	
-35	 29	
-36	 28	
-37	 27	
-38	 26	
-39	 25	
-40	 24	
-41	 23	
-42	 22	
-43	 21	
-44	 20	
-45	 19	
-46	 18	
-47	 17	
-48	 16	
-49	 15	
-50	 14	
-51	 13	
-52	 12	
-53	 11	
-54	 10	
-55	  9	
-56	  8	
-57	  7	
-58	  6	
-59	  5	
-60	  4	
-61	  3	
-62	  2	
-63	  1	
 64	  0	
 63	 -1	
 62	 -2	
 61	 -3	
 60	 -4	
 59	 -5	
 58	 -6	
 57	 -7	
 56	 -8	
 55	 -9	
 54	-10	
 53	-11	
 52	-12	
 51	-13	
 50	-14	
 49	-15	
 48	-16	
 47	-17	
 46	-18	
 45	-19	
 44	-20	
 43	-21	
 42	-22	
 41	-23	
 40	-24	
 39	-25	
 38	-26	
 37	-27	
 36	-28	
 35	-29	
 34	-30	
 33	-31	