t1 =
-31	-63	
-30	-62	
-29	-61	
-28	-60	
-27	-59	
-26	-58	
-25	-57	
-24	-56	
-23	-55	
-22	-54	
-21	-53	
-20	-52	
-19	-51	
-18	-50	
-17	-49	
-16	-48	
-15	-47	
-14	-46	
-13	-45	
-12	-44	
-11	-43	
-10	-42	
 -9	-41	
 -8	-40	
 -7	-39	
 -6	-38	
 -5	-37	
 -4	-36	
 -3	-35	
 -2	-34	
 -1	-33	
  0	-32	
  1	 33	
  2	 34	
  3	 35	
  4	 36	
  5	 37	
  6	 38	
  7	 39	
  8	 40	
  9	 41	
 10	 42	
 11	 43	
 12	 44	
 13	 45	
 14	 46	
 15	 47	
 16	 48	
 17	 49	
 18	 50	
 19	 51	
 20	 52	
 21	 53	
 22	 54	
 23	 55	
 24	 56	
 25	 57	
 26	 58	
 27	 59	
 28	 60	
 29	 61	
 30	 62	
 31	 63	
 32	 64	