t1 =
-55	-33	-11	 11	 33	 55	
-56	-34	-12	 10	 32	 54	
-57	-35	-13	  9	 31	 53	
-58	-36	-14	  8	 30	 52	
-59	-37	-15	  7	 29	 51	
-60	-38	-16	  6	 28	 50	
-61	-39	-17	  5	 27	 49	
-62	-40	-18	  4	 26	 48	
-63	-41	-19	  3	 25	 47	
-64	-42	-20	  2	 24	 46	
-65	-43	-21	  1	 23	 45	
 66	-44	-22	  0	 22	 44	
 65	-45	-23	 -1	 21	 43	
 64	-46	-24	 -2	 20	 42	
 63	-47	-25	 -3	 19	 41	
 62	-48	-26	 -4	 18	 40	
 61	-49	-27	 -5	 17	 39	
 60	-50	-28	 -6	 16	 38	
 59	-51	-29	 -7	 15	 37	
 58	-52	-30	 -8	 14	 36	
 57	-53	-31	 -9	 13	 35	
 56	-54	-32	-10	 12	 34	