t1 =
  8	 24	 40	 56	-56	-40	-24	 -8	
  7	 23	 39	 55	-57	-41	-25	 -9	
  6	 22	 38	 54	-58	-42	-26	-10	
  5	 21	 37	 53	-59	-43	-27	-11	
  4	 20	 36	 52	-60	-44	-28	-12	
  3	 19	 35	 51	-61	-45	-29	-13	
  2	 18	 34	 50	-62	-46	-30	-14	
  1	 17	 33	 49	-63	-47	-31	-15	
  0	 16	 32	 48	 64	-48	-32	-16	
 -1	 15	 31	 47	 63	-49	-33	-17	
 -2	 14	 30	 46	 62	-50	-34	-18	
 -3	 13	 29	 45	 61	-51	-35	-19	
 -4	 12	 28	 44	 60	-52	-36	-20	
 -5	 11	 27	 43	 59	-53	-37	-21	
 -6	 10	 26	 42	 58	-54	-38	-22	
 -7	  9	 25	 41	 57	-55	-39	-23	