t1 =
-27	 -9	  9	 27	 45	 63	 81	 99	-81	-63	-45	
-28	-10	  8	 26	 44	 62	 80	 98	-82	-64	-46	
-29	-11	  7	 25	 43	 61	 79	 97	-83	-65	-47	
-30	-12	  6	 24	 42	 60	 78	 96	-84	-66	-48	
-31	-13	  5	 23	 41	 59	 77	 95	-85	-67	-49	
-32	-14	  4	 22	 40	 58	 76	 94	-86	-68	-50	
-33	-15	  3	 21	 39	 57	 75	 93	-87	-69	-51	
-34	-16	  2	 20	 38	 56	 74	 92	-88	-70	-52	
-35	-17	  1	 19	 37	 55	 73	 91	-89	-71	-53	
-36	-18	  0	 18	 36	 54	 72	 90	-90	-72	-54	
-37	-19	 -1	 17	 35	 53	 71	 89	-91	-73	-55	
-38	-20	 -2	 16	 34	 52	 70	 88	-92	-74	-56	
-39	-21	 -3	 15	 33	 51	 69	 87	-93	-75	-57	
-40	-22	 -4	 14	 32	 50	 68	 86	-94	-76	-58	
-41	-23	 -5	 13	 31	 49	 67	 85	-95	-77	-59	
-42	-24	 -6	 12	 30	 48	 66	 84	-96	-78	-60	
-43	-25	 -7	 11	 29	 47	 65	 83	-97	-79	-61	
-44	-26	 -8	 10	 28	 46	 64	 82	-98	-80	-62	