t1 =
 48	-48	-16	 16	
 47	-49	-17	 15	
 46	-50	-18	 14	
 45	-51	-19	 13	
 44	-52	-20	 12	
 43	-53	-21	 11	
 42	-54	-22	 10	
 41	-55	-23	  9	
 40	-56	-24	  8	
 39	-57	-25	  7	
 38	-58	-26	  6	
 37	-59	-27	  5	
 36	-60	-28	  4	
 35	-61	-29	  3	
 34	-62	-30	  2	
 33	-63	-31	  1	
 32	 64	-32	  0	
 31	 63	-33	 -1	
 30	 62	-34	 -2	
 29	 61	-35	 -3	
 28	 60	-36	 -4	
 27	 59	-37	 -5	
 26	 58	-38	 -6	
 25	 57	-39	 -7	
 24	 56	-40	 -8	
 23	 55	-41	 -9	
 22	 54	-42	-10	
 21	 53	-43	-11	
 20	 52	-44	-12	
 19	 51	-45	-13	
 18	 50	-46	-14	
 17	 49	-47	-15	