t1 =
 12	 36	 60	 84	-84	-60	-36	-12	
 11	 35	 59	 83	-85	-61	-37	-13	
 10	 34	 58	 82	-86	-62	-38	-14	
  9	 33	 57	 81	-87	-63	-39	-15	
  8	 32	 56	 80	-88	-64	-40	-16	
  7	 31	 55	 79	-89	-65	-41	-17	
  6	 30	 54	 78	-90	-66	-42	-18	
  5	 29	 53	 77	-91	-67	-43	-19	
  4	 28	 52	 76	-92	-68	-44	-20	
  3	 27	 51	 75	-93	-69	-45	-21	
  2	 26	 50	 74	-94	-70	-46	-22	
  1	 25	 49	 73	-95	-71	-47	-23	
  0	 24	 48	 72	 96	-72	-48	-24	
 -1	 23	 47	 71	 95	-73	-49	-25	
 -2	 22	 46	 70	 94	-74	-50	-26	
 -3	 21	 45	 69	 93	-75	-51	-27	
 -4	 20	 44	 68	 92	-76	-52	-28	
 -5	 19	 43	 67	 91	-77	-53	-29	
 -6	 18	 42	 66	 90	-78	-54	-30	
 -7	 17	 41	 65	 89	-79	-55	-31	
 -8	 16	 40	 64	 88	-80	-56	-32	
 -9	 15	 39	 63	 87	-81	-57	-33	
-10	 14	 38	 62	 86	-82	-58	-34	
-11	 13	 37	 61	 85	-83	-59	-35	