t1 =
-36	-12	 12	 36	 60	 84	-84	-60	
-37	-13	 11	 35	 59	 83	-85	-61	
-38	-14	 10	 34	 58	 82	-86	-62	
-39	-15	  9	 33	 57	 81	-87	-63	
-40	-16	  8	 32	 56	 80	-88	-64	
-41	-17	  7	 31	 55	 79	-89	-65	
-42	-18	  6	 30	 54	 78	-90	-66	
-43	-19	  5	 29	 53	 77	-91	-67	
-44	-20	  4	 28	 52	 76	-92	-68	
-45	-21	  3	 27	 51	 75	-93	-69	
-46	-22	  2	 26	 50	 74	-94	-70	
-47	-23	  1	 25	 49	 73	-95	-71	
-48	-24	  0	 24	 48	 72	 96	-72	
-49	-25	 -1	 23	 47	 71	 95	-73	
-50	-26	 -2	 22	 46	 70	 94	-74	
-51	-27	 -3	 21	 45	 69	 93	-75	
-52	-28	 -4	 20	 44	 68	 92	-76	
-53	-29	 -5	 19	 43	 67	 91	-77	
-54	-30	 -6	 18	 42	 66	 90	-78	
-55	-31	 -7	 17	 41	 65	 89	-79	
-56	-32	 -8	 16	 40	 64	 88	-80	
-57	-33	 -9	 15	 39	 63	 87	-81	
-58	-34	-10	 14	 38	 62	 86	-82	
-59	-35	-11	 13	 37	 61	 85	-83	