t1 =
 72	-72	-24	 24	
 71	-73	-25	 23	
 70	-74	-26	 22	
 69	-75	-27	 21	
 68	-76	-28	 20	
 67	-77	-29	 19	
 66	-78	-30	 18	
 65	-79	-31	 17	
 64	-80	-32	 16	
 63	-81	-33	 15	
 62	-82	-34	 14	
 61	-83	-35	 13	
 60	-84	-36	 12	
 59	-85	-37	 11	
 58	-86	-38	 10	
 57	-87	-39	  9	
 56	-88	-40	  8	
 55	-89	-41	  7	
 54	-90	-42	  6	
 53	-91	-43	  5	
 52	-92	-44	  4	
 51	-93	-45	  3	
 50	-94	-46	  2	
 49	-95	-47	  1	
 48	 96	-48	  0	
 47	 95	-49	 -1	
 46	 94	-50	 -2	
 45	 93	-51	 -3	
 44	 92	-52	 -4	
 43	 91	-53	 -5	
 42	 90	-54	 -6	
 41	 89	-55	 -7	
 40	 88	-56	 -8	
 39	 87	-57	 -9	
 38	 86	-58	-10	
 37	 85	-59	-11	
 36	 84	-60	-12	
 35	 83	-61	-13	
 34	 82	-62	-14	
 33	 81	-63	-15	
 32	 80	-64	-16	
 31	 79	-65	-17	
 30	 78	-66	-18	
 29	 77	-67	-19	
 28	 76	-68	-20	
 27	 75	-69	-21	
 26	 74	-70	-22	
 25	 73	-71	-23	