t1 =
-21	-42	-64	
-20	-41	-63	
-19	-40	-62	
-18	-39	-61	
-17	-38	-60	
-16	-37	-59	
-15	-36	-58	
-14	-35	-57	
-13	-34	-56	
-12	-33	-55	
-11	-32	-54	
-10	-31	-53	
 -9	-30	-52	
 -8	-29	-51	
 -7	-28	-50	
 -6	-27	-49	
 -5	-26	-48	
 -4	-25	-47	
 -3	-24	-46	
 -2	-23	-45	
 -1	-22	-44	
  0	 22	-43	
  1	 23	 44	
  2	 24	 45	
  3	 25	 46	
  4	 26	 47	
  5	 27	 48	
  6	 28	 49	
  7	 29	 50	
  8	 30	 51	
  9	 31	 52	
 10	 32	 53	
 11	 33	 54	
 12	 34	 55	
 13	 35	 56	
 14	 36	 57	
 15	 37	 58	
 16	 38	 59	
 17	 39	 60	
 18	 40	 61	
 19	 41	 62	
 20	 42	 63	
 21	 43	 64	