t1 =
 97	-59	-20	 19	 58	
 96	-60	-21	 18	 57	
 95	-61	-22	 17	 56	
 94	-62	-23	 16	 55	
 93	-63	-24	 15	 54	
 92	-64	-25	 14	 53	
 91	-65	-26	 13	 52	
 90	-66	-27	 12	 51	
 89	-67	-28	 11	 50	
 88	-68	-29	 10	 49	
 87	-69	-30	  9	 48	
 86	-70	-31	  8	 47	
 85	-71	-32	  7	 46	
 84	-72	-33	  6	 45	
 83	-73	-34	  5	 44	
 82	-74	-35	  4	 43	
 81	-75	-36	  3	 42	
 80	-76	-37	  2	 41	
 79	-77	-38	  1	 40	
 78	-78	-39	  0	 39	
 77	-79	-40	 -1	 38	
 76	-80	-41	 -2	 37	
 75	-81	-42	 -3	 36	
 74	-82	-43	 -4	 35	
 73	-83	-44	 -5	 34	
 72	-84	-45	 -6	 33	
 71	-85	-46	 -7	 32	
 70	-86	-47	 -8	 31	
 69	-87	-48	 -9	 30	
 68	-88	-49	-10	 29	
 67	-89	-50	-11	 28	
 66	-90	-51	-12	 27	
 65	-91	-52	-13	 26	
 64	-92	-53	-14	 25	
 63	-93	-54	-15	 24	
 62	-94	-55	-16	 23	
 61	-95	-56	-17	 22	
 60	-96	-57	-18	 21	
 59	-97	-58	-19	 20	