t1 =
 16	 48	 80	-80	-48	-16	
 15	 47	 79	-81	-49	-17	
 14	 46	 78	-82	-50	-18	
 13	 45	 77	-83	-51	-19	
 12	 44	 76	-84	-52	-20	
 11	 43	 75	-85	-53	-21	
 10	 42	 74	-86	-54	-22	
  9	 41	 73	-87	-55	-23	
  8	 40	 72	-88	-56	-24	
  7	 39	 71	-89	-57	-25	
  6	 38	 70	-90	-58	-26	
  5	 37	 69	-91	-59	-27	
  4	 36	 68	-92	-60	-28	
  3	 35	 67	-93	-61	-29	
  2	 34	 66	-94	-62	-30	
  1	 33	 65	-95	-63	-31	
  0	 32	 64	 96	-64	-32	
 -1	 31	 63	 95	-65	-33	
 -2	 30	 62	 94	-66	-34	
 -3	 29	 61	 93	-67	-35	
 -4	 28	 60	 92	-68	-36	
 -5	 27	 59	 91	-69	-37	
 -6	 26	 58	 90	-70	-38	
 -7	 25	 57	 89	-71	-39	
 -8	 24	 56	 88	-72	-40	
 -9	 23	 55	 87	-73	-41	
-10	 22	 54	 86	-74	-42	
-11	 21	 53	 85	-75	-43	
-12	 20	 52	 84	-76	-44	
-13	 19	 51	 83	-77	-45	
-14	 18	 50	 82	-78	-46	
-15	 17	 49	 81	-79	-47	