t1 =
-55	-33	-11	 11	 33	 55	 77	 99	-77	
-56	-34	-12	 10	 32	 54	 76	 98	-78	
-57	-35	-13	  9	 31	 53	 75	 97	-79	
-58	-36	-14	  8	 30	 52	 74	 96	-80	
-59	-37	-15	  7	 29	 51	 73	 95	-81	
-60	-38	-16	  6	 28	 50	 72	 94	-82	
-61	-39	-17	  5	 27	 49	 71	 93	-83	
-62	-40	-18	  4	 26	 48	 70	 92	-84	
-63	-41	-19	  3	 25	 47	 69	 91	-85	
-64	-42	-20	  2	 24	 46	 68	 90	-86	
-65	-43	-21	  1	 23	 45	 67	 89	-87	
-66	-44	-22	  0	 22	 44	 66	 88	-88	
-67	-45	-23	 -1	 21	 43	 65	 87	-89	
-68	-46	-24	 -2	 20	 42	 64	 86	-90	
-69	-47	-25	 -3	 19	 41	 63	 85	-91	
-70	-48	-26	 -4	 18	 40	 62	 84	-92	
-71	-49	-27	 -5	 17	 39	 61	 83	-93	
-72	-50	-28	 -6	 16	 38	 60	 82	-94	
-73	-51	-29	 -7	 15	 37	 59	 81	-95	
-74	-52	-30	 -8	 14	 36	 58	 80	-96	
-75	-53	-31	 -9	 13	 35	 57	 79	-97	
-76	-54	-32	-10	 12	 34	 56	 78	-98	