t1 =
-320	-192	-64	 64	192	320	448	-448	
-321	-193	-65	 63	191	319	447	-449	
-322	-194	-66	 62	190	318	446	-450	
-323	-195	-67	 61	189	317	445	-451	
-324	-196	-68	 60	188	316	444	-452	
-325	-197	-69	 59	187	315	443	-453	
-326	-198	-70	 58	186	314	442	-454	
-327	-199	-71	 57	185	313	441	-455	
-328	-200	-72	 56	184	312	440	-456	
-329	-201	-73	 55	183	311	439	-457	
-330	-202	-74	 54	182	310	438	-458	
-331	-203	-75	 53	181	309	437	-459	
-332	-204	-76	 52	180	308	436	-460	
-333	-205	-77	 51	179	307	435	-461	
-334	-206	-78	 50	178	306	434	-462	
-335	-207	-79	 49	177	305	433	-463	
-336	-208	-80	 48	176	304	432	-464	
-337	-209	-81	 47	175	303	431	-465	
-338	-210	-82	 46	174	302	430	-466	
-339	-211	-83	 45	173	301	429	-467	
-340	-212	-84	 44	172	300	428	-468	
-341	-213	-85	 43	171	299	427	-469	
-342	-214	-86	 42	170	298	426	-470	
-343	-215	-87	 41	169	297	425	-471	
-344	-216	-88	 40	168	296	424	-472	
-345	-217	-89	 39	167	295	423	-473	
-346	-218	-90	 38	166	294	422	-474	
-347	-219	-91	 37	165	293	421	-475	
-348	-220	-92	 36	164	292	420	-476	
-349	-221	-93	 35	163	291	419	-477	
-350	-222	-94	 34	162	290	418	-478	
-351	-223	-95	 33	161	289	417	-479	
-352	-224	-96	 32	160	288	416	-480	
-353	-225	-97	 31	159	287	415	-481	
-354	-226	-98	 30	158	286	414	-482	
-355	-227	-99	 29	157	285	413	-483	
-356	-228	-100	 28	156	284	412	-484	
-357	-229	-101	 27	155	283	411	-485	
-358	-230	-102	 26	154	282	410	-486	
-359	-231	-103	 25	153	281	409	-487	
-360	-232	-104	 24	152	280	408	-488	
-361	-233	-105	 23	151	279	407	-489	
-362	-234	-106	 22	150	278	406	-490	
-363	-235	-107	 21	149	277	405	-491	
-364	-236	-108	 20	148	276	404	-492	
-365	-237	-109	 19	147	275	403	-493	
-366	-238	-110	 18	146	274	402	-494	
-367	-239	-111	 17	145	273	401	-495	
-368	-240	-112	 16	144	272	400	-496	
-369	-241	-113	 15	143	271	399	-497	
-370	-242	-114	 14	142	270	398	-498	
-371	-243	-115	 13	141	269	397	-499	
-372	-244	-116	 12	140	268	396	-500	
-373	-245	-117	 11	139	267	395	-501	
-374	-246	-118	 10	138	266	394	-502	
-375	-247	-119	  9	137	265	393	-503	
-376	-248	-120	  8	136	264	392	-504	
-377	-249	-121	  7	135	263	391	-505	
-378	-250	-122	  6	134	262	390	-506	
-379	-251	-123	  5	133	261	389	-507	
-380	-252	-124	  4	132	260	388	-508	
-381	-253	-125	  3	131	259	387	-509	
-382	-254	-126	  2	130	258	386	-510	
-383	-255	-127	  1	129	257	385	-511	
-384	-256	-128	  0	128	256	384	512	
-385	-257	-129	 -1	127	255	383	511	
-386	-258	-130	 -2	126	254	382	510	
-387	-259	-131	 -3	125	253	381	509	
-388	-260	-132	 -4	124	252	380	508	
-389	-261	-133	 -5	123	251	379	507	
-390	-262	-134	 -6	122	250	378	506	
-391	-263	-135	 -7	121	249	377	505	
-392	-264	-136	 -8	120	248	376	504	
-393	-265	-137	 -9	119	247	375	503	
-394	-266	-138	-10	118	246	374	502	
-395	-267	-139	-11	117	245	373	501	
-396	-268	-140	-12	116	244	372	500	
-397	-269	-141	-13	115	243	371	499	
-398	-270	-142	-14	114	242	370	498	
-399	-271	-143	-15	113	241	369	497	
-400	-272	-144	-16	112	240	368	496	
-401	-273	-145	-17	111	239	367	495	
-402	-274	-146	-18	110	238	366	494	
-403	-275	-147	-19	109	237	365	493	
-404	-276	-148	-20	108	236	364	492	
-405	-277	-149	-21	107	235	363	491	
-406	-278	-150	-22	106	234	362	490	
-407	-279	-151	-23	105	233	361	489	
-408	-280	-152	-24	104	232	360	488	
-409	-281	-153	-25	103	231	359	487	
-410	-282	-154	-26	102	230	358	486	
-411	-283	-155	-27	101	229	357	485	
-412	-284	-156	-28	100	228	356	484	
-413	-285	-157	-29	 99	227	355	483	
-414	-286	-158	-30	 98	226	354	482	
-415	-287	-159	-31	 97	225	353	481	
-416	-288	-160	-32	 96	224	352	480	
-417	-289	-161	-33	 95	223	351	479	
-418	-290	-162	-34	 94	222	350	478	
-419	-291	-163	-35	 93	221	349	477	
-420	-292	-164	-36	 92	220	348	476	
-421	-293	-165	-37	 91	219	347	475	
-422	-294	-166	-38	 90	218	346	474	
-423	-295	-167	-39	 89	217	345	473	
-424	-296	-168	-40	 88	216	344	472	
-425	-297	-169	-41	 87	215	343	471	
-426	-298	-170	-42	 86	214	342	470	
-427	-299	-171	-43	 85	213	341	469	
-428	-300	-172	-44	 84	212	340	468	
-429	-301	-173	-45	 83	211	339	467	
-430	-302	-174	-46	 82	210	338	466	
-431	-303	-175	-47	 81	209	337	465	
-432	-304	-176	-48	 80	208	336	464	
-433	-305	-177	-49	 79	207	335	463	
-434	-306	-178	-50	 78	206	334	462	
-435	-307	-179	-51	 77	205	333	461	
-436	-308	-180	-52	 76	204	332	460	
-437	-309	-181	-53	 75	203	331	459	
-438	-310	-182	-54	 74	202	330	458	
-439	-311	-183	-55	 73	201	329	457	
-440	-312	-184	-56	 72	200	328	456	
-441	-313	-185	-57	 71	199	327	455	
-442	-314	-186	-58	 70	198	326	454	
-443	-315	-187	-59	 69	197	325	453	
-444	-316	-188	-60	 68	196	324	452	
-445	-317	-189	-61	 67	195	323	451	
-446	-318	-190	-62	 66	194	322	450	
-447	-319	-191	-63	 65	193	321	449	