t1 =
-40	-24	 -8	  8	 24	 40	 56	-56	
-41	-25	 -9	  7	 23	 39	 55	-57	
-42	-26	-10	  6	 22	 38	 54	-58	
-43	-27	-11	  5	 21	 37	 53	-59	
-44	-28	-12	  4	 20	 36	 52	-60	
-45	-29	-13	  3	 19	 35	 51	-61	
-46	-30	-14	  2	 18	 34	 50	-62	
-47	-31	-15	  1	 17	 33	 49	-63	
-48	-32	-16	  0	 16	 32	 48	 64	
-49	-33	-17	 -1	 15	 31	 47	 63	
-50	-34	-18	 -2	 14	 30	 46	 62	
-51	-35	-19	 -3	 13	 29	 45	 61	
-52	-36	-20	 -4	 12	 28	 44	 60	
-53	-37	-21	 -5	 11	 27	 43	 59	
-54	-38	-22	 -6	 10	 26	 42	 58	
-55	-39	-23	 -7	  9	 25	 41	 57	