t1 =
-80	-48	-16	 16	 48	 80	
-81	-49	-17	 15	 47	 79	
-82	-50	-18	 14	 46	 78	
-83	-51	-19	 13	 45	 77	
-84	-52	-20	 12	 44	 76	
-85	-53	-21	 11	 43	 75	
-86	-54	-22	 10	 42	 74	
-87	-55	-23	  9	 41	 73	
-88	-56	-24	  8	 40	 72	
-89	-57	-25	  7	 39	 71	
-90	-58	-26	  6	 38	 70	
-91	-59	-27	  5	 37	 69	
-92	-60	-28	  4	 36	 68	
-93	-61	-29	  3	 35	 67	
-94	-62	-30	  2	 34	 66	
-95	-63	-31	  1	 33	 65	
 96	-64	-32	  0	 32	 64	
 95	-65	-33	 -1	 31	 63	
 94	-66	-34	 -2	 30	 62	
 93	-67	-35	 -3	 29	 61	
 92	-68	-36	 -4	 28	 60	
 91	-69	-37	 -5	 27	 59	
 90	-70	-38	 -6	 26	 58	
 89	-71	-39	 -7	 25	 57	
 88	-72	-40	 -8	 24	 56	
 87	-73	-41	 -9	 23	 55	
 86	-74	-42	-10	 22	 54	
 85	-75	-43	-11	 21	 53	
 84	-76	-44	-12	 20	 52	
 83	-77	-45	-13	 19	 51	
 82	-78	-46	-14	 18	 50	
 81	-79	-47	-15	 17	 49	