t1 =
-50	-39	-28	-17	 -6	  5	 16	 27	 38	 49	 60	-61	
-51	-40	-29	-18	 -7	  4	 15	 26	 37	 48	 59	-62	
-52	-41	-30	-19	 -8	  3	 14	 25	 36	 47	 58	-63	
-53	-42	-31	-20	 -9	  2	 13	 24	 35	 46	 57	-64	
-54	-43	-32	-21	-10	  1	 12	 23	 34	 45	 56	-65	
-55	-44	-33	-22	-11	  0	 11	 22	 33	 44	 55	 66	
-56	-45	-34	-23	-12	 -1	 10	 21	 32	 43	 54	 65	
-57	-46	-35	-24	-13	 -2	  9	 20	 31	 42	 53	 64	
-58	-47	-36	-25	-14	 -3	  8	 19	 30	 41	 52	 63	
-59	-48	-37	-26	-15	 -4	  7	 18	 29	 40	 51	 62	
-60	-49	-38	-27	-16	 -5	  6	 17	 28	 39	 50	 61	