t1 =
-32	 32	 96	-96	
-33	 31	 95	-97	
-34	 30	 94	-98	
-35	 29	 93	-99	
-36	 28	 92	-100	
-37	 27	 91	-101	
-38	 26	 90	-102	
-39	 25	 89	-103	
-40	 24	 88	-104	
-41	 23	 87	-105	
-42	 22	 86	-106	
-43	 21	 85	-107	
-44	 20	 84	-108	
-45	 19	 83	-109	
-46	 18	 82	-110	
-47	 17	 81	-111	
-48	 16	 80	-112	
-49	 15	 79	-113	
-50	 14	 78	-114	
-51	 13	 77	-115	
-52	 12	 76	-116	
-53	 11	 75	-117	
-54	 10	 74	-118	
-55	  9	 73	-119	
-56	  8	 72	-120	
-57	  7	 71	-121	
-58	  6	 70	-122	
-59	  5	 69	-123	
-60	  4	 68	-124	
-61	  3	 67	-125	
-62	  2	 66	-126	
-63	  1	 65	-127	
-64	  0	 64	128	
-65	 -1	 63	127	
-66	 -2	 62	126	
-67	 -3	 61	125	
-68	 -4	 60	124	
-69	 -5	 59	123	
-70	 -6	 58	122	
-71	 -7	 57	121	
-72	 -8	 56	120	
-73	 -9	 55	119	
-74	-10	 54	118	
-75	-11	 53	117	
-76	-12	 52	116	
-77	-13	 51	115	
-78	-14	 50	114	
-79	-15	 49	113	
-80	-16	 48	112	
-81	-17	 47	111	
-82	-18	 46	110	
-83	-19	 45	109	
-84	-20	 44	108	
-85	-21	 43	107	
-86	-22	 42	106	
-87	-23	 41	105	
-88	-24	 40	104	
-89	-25	 39	103	
-90	-26	 38	102	
-91	-27	 37	101	
-92	-28	 36	100	
-93	-29	 35	 99	
-94	-30	 34	 98	
-95	-31	 33	 97	