t1 = 
  -127   -63
  -126   -62
  -125   -61
  -124   -60
  -123   -59
  -122   -58
  -121   -57
  -120   -56
  -119   -55
  -118   -54
  -117   -53
  -116   -52
  -115   -51
  -114   -50
  -113   -49
  -112   -48
  -111   -47
  -110   -46
  -109   -45
  -108   -44
  -107   -43
  -106   -42
  -105   -41
  -104   -40
  -103   -39
  -102   -38
  -101   -37
  -100   -36
   -99   -35
   -98   -34
   -97   -33
   -96   -32
   -95   -31
   -94   -30
   -93   -29
   -92   -28
   -91   -27
   -90   -26
   -89   -25
   -88   -24
   -87   -23
   -86   -22
   -85   -21
   -84   -20
   -83   -19
   -82   -18
   -81   -17
   -80   -16
   -79   -15
   -78   -14
   -77   -13
   -76   -12
   -75   -11
   -74   -10
   -73    -9
   -72    -8
   -71    -7
   -70    -6
   -69    -5
   -68    -4
   -67    -3
   -66    -2
   -65    -1
   -64     0
    65     1
    66     2
    67     3
    68     4
    69     5
    70     6
    71     7
    72     8
    73     9
    74    10
    75    11
    76    12
    77    13
    78    14
    79    15
    80    16
    81    17
    82    18
    83    19
    84    20
    85    21
    86    22
    87    23
    88    24
    89    25
    90    26
    91    27
    92    28
    93    29
    94    30
    95    31
    96    32
    97    33
    98    34
    99    35
   100    36
   101    37
   102    38
   103    39
   104    40
   105    41
   106    42
   107    43
   108    44
   109    45
   110    46
   111    47
   112    48
   113    49
   114    50
   115    51
   116    52
   117    53
   118    54
   119    55
   120    56
   121    57
   122    58
   123    59
   124    60
   125    61
   126    62
   127    63
   128    64
