t1 =
 16	 48	 80	112	-112	-80	-48	-16	
 15	 47	 79	111	-113	-81	-49	-17	
 14	 46	 78	110	-114	-82	-50	-18	
 13	 45	 77	109	-115	-83	-51	-19	
 12	 44	 76	108	-116	-84	-52	-20	
 11	 43	 75	107	-117	-85	-53	-21	
 10	 42	 74	106	-118	-86	-54	-22	
  9	 41	 73	105	-119	-87	-55	-23	
  8	 40	 72	104	-120	-88	-56	-24	
  7	 39	 71	103	-121	-89	-57	-25	
  6	 38	 70	102	-122	-90	-58	-26	
  5	 37	 69	101	-123	-91	-59	-27	
  4	 36	 68	100	-124	-92	-60	-28	
  3	 35	 67	 99	-125	-93	-61	-29	
  2	 34	 66	 98	-126	-94	-62	-30	
  1	 33	 65	 97	-127	-95	-63	-31	
  0	 32	 64	 96	128	-96	-64	-32	
 -1	 31	 63	 95	127	-97	-65	-33	
 -2	 30	 62	 94	126	-98	-66	-34	
 -3	 29	 61	 93	125	-99	-67	-35	
 -4	 28	 60	 92	124	-100	-68	-36	
 -5	 27	 59	 91	123	-101	-69	-37	
 -6	 26	 58	 90	122	-102	-70	-38	
 -7	 25	 57	 89	121	-103	-71	-39	
 -8	 24	 56	 88	120	-104	-72	-40	
 -9	 23	 55	 87	119	-105	-73	-41	
-10	 22	 54	 86	118	-106	-74	-42	
-11	 21	 53	 85	117	-107	-75	-43	
-12	 20	 52	 84	116	-108	-76	-44	
-13	 19	 51	 83	115	-109	-77	-45	
-14	 18	 50	 82	114	-110	-78	-46	
-15	 17	 49	 81	113	-111	-79	-47	