t1 =
 32	 96	-96	-32	
 31	 95	-97	-33	
 30	 94	-98	-34	
 29	 93	-99	-35	
 28	 92	-100	-36	
 27	 91	-101	-37	
 26	 90	-102	-38	
 25	 89	-103	-39	
 24	 88	-104	-40	
 23	 87	-105	-41	
 22	 86	-106	-42	
 21	 85	-107	-43	
 20	 84	-108	-44	
 19	 83	-109	-45	
 18	 82	-110	-46	
 17	 81	-111	-47	
 16	 80	-112	-48	
 15	 79	-113	-49	
 14	 78	-114	-50	
 13	 77	-115	-51	
 12	 76	-116	-52	
 11	 75	-117	-53	
 10	 74	-118	-54	
  9	 73	-119	-55	
  8	 72	-120	-56	
  7	 71	-121	-57	
  6	 70	-122	-58	
  5	 69	-123	-59	
  4	 68	-124	-60	
  3	 67	-125	-61	
  2	 66	-126	-62	
  1	 65	-127	-63	
  0	 64	128	-64	
 -1	 63	127	-65	
 -2	 62	126	-66	
 -3	 61	125	-67	
 -4	 60	124	-68	
 -5	 59	123	-69	
 -6	 58	122	-70	
 -7	 57	121	-71	
 -8	 56	120	-72	
 -9	 55	119	-73	
-10	 54	118	-74	
-11	 53	117	-75	
-12	 52	116	-76	
-13	 51	115	-77	
-14	 50	114	-78	
-15	 49	113	-79	
-16	 48	112	-80	
-17	 47	111	-81	
-18	 46	110	-82	
-19	 45	109	-83	
-20	 44	108	-84	
-21	 43	107	-85	
-22	 42	106	-86	
-23	 41	105	-87	
-24	 40	104	-88	
-25	 39	103	-89	
-26	 38	102	-90	
-27	 37	101	-91	
-28	 36	100	-92	
-29	 35	 99	-93	
-30	 34	 98	-94	
-31	 33	 97	-95	