t1 =
-33	-20	 -7	  6	 19	 32	 45	 58	 71	 84	 97	110	123	-124	-111	-98	-85	-72	-59	-46	
-34	-21	 -8	  5	 18	 31	 44	 57	 70	 83	 96	109	122	-125	-112	-99	-86	-73	-60	-47	
-35	-22	 -9	  4	 17	 30	 43	 56	 69	 82	 95	108	121	-126	-113	-100	-87	-74	-61	-48	
-36	-23	-10	  3	 16	 29	 42	 55	 68	 81	 94	107	120	-127	-114	-101	-88	-75	-62	-49	
-37	-24	-11	  2	 15	 28	 41	 54	 67	 80	 93	106	119	-128	-115	-102	-89	-76	-63	-50	
-38	-25	-12	  1	 14	 27	 40	 53	 66	 79	 92	105	118	-129	-116	-103	-90	-77	-64	-51	
-39	-26	-13	  0	 13	 26	 39	 52	 65	 78	 91	104	117	130	-117	-104	-91	-78	-65	-52	
-40	-27	-14	 -1	 12	 25	 38	 51	 64	 77	 90	103	116	129	-118	-105	-92	-79	-66	-53	
-41	-28	-15	 -2	 11	 24	 37	 50	 63	 76	 89	102	115	128	-119	-106	-93	-80	-67	-54	
-42	-29	-16	 -3	 10	 23	 36	 49	 62	 75	 88	101	114	127	-120	-107	-94	-81	-68	-55	
-43	-30	-17	 -4	  9	 22	 35	 48	 61	 74	 87	100	113	126	-121	-108	-95	-82	-69	-56	
-44	-31	-18	 -5	  8	 21	 34	 47	 60	 73	 86	 99	112	125	-122	-109	-96	-83	-70	-57	
-45	-32	-19	 -6	  7	 20	 33	 46	 59	 72	 85	 98	111	124	-123	-110	-97	-84	-71	-58	