t1 =
-80	-48	-16	 16	 48	 80	112	-112	
-81	-49	-17	 15	 47	 79	111	-113	
-82	-50	-18	 14	 46	 78	110	-114	
-83	-51	-19	 13	 45	 77	109	-115	
-84	-52	-20	 12	 44	 76	108	-116	
-85	-53	-21	 11	 43	 75	107	-117	
-86	-54	-22	 10	 42	 74	106	-118	
-87	-55	-23	  9	 41	 73	105	-119	
-88	-56	-24	  8	 40	 72	104	-120	
-89	-57	-25	  7	 39	 71	103	-121	
-90	-58	-26	  6	 38	 70	102	-122	
-91	-59	-27	  5	 37	 69	101	-123	
-92	-60	-28	  4	 36	 68	100	-124	
-93	-61	-29	  3	 35	 67	 99	-125	
-94	-62	-30	  2	 34	 66	 98	-126	
-95	-63	-31	  1	 33	 65	 97	-127	
-96	-64	-32	  0	 32	 64	 96	128	
-97	-65	-33	 -1	 31	 63	 95	127	
-98	-66	-34	 -2	 30	 62	 94	126	
-99	-67	-35	 -3	 29	 61	 93	125	
-100	-68	-36	 -4	 28	 60	 92	124	
-101	-69	-37	 -5	 27	 59	 91	123	
-102	-70	-38	 -6	 26	 58	 90	122	
-103	-71	-39	 -7	 25	 57	 89	121	
-104	-72	-40	 -8	 24	 56	 88	120	
-105	-73	-41	 -9	 23	 55	 87	119	
-106	-74	-42	-10	 22	 54	 86	118	
-107	-75	-43	-11	 21	 53	 85	117	
-108	-76	-44	-12	 20	 52	 84	116	
-109	-77	-45	-13	 19	 51	 83	115	
-110	-78	-46	-14	 18	 50	 82	114	
-111	-79	-47	-15	 17	 49	 81	113	