t1 =
-93	-56	-19	 18	 55	 92	129	
-94	-57	-20	 17	 54	 91	128	
-95	-58	-21	 16	 53	 90	127	
-96	-59	-22	 15	 52	 89	126	
-97	-60	-23	 14	 51	 88	125	
-98	-61	-24	 13	 50	 87	124	
-99	-62	-25	 12	 49	 86	123	
-100	-63	-26	 11	 48	 85	122	
-101	-64	-27	 10	 47	 84	121	
-102	-65	-28	  9	 46	 83	120	
-103	-66	-29	  8	 45	 82	119	
-104	-67	-30	  7	 44	 81	118	
-105	-68	-31	  6	 43	 80	117	
-106	-69	-32	  5	 42	 79	116	
-107	-70	-33	  4	 41	 78	115	
-108	-71	-34	  3	 40	 77	114	
-109	-72	-35	  2	 39	 76	113	
-110	-73	-36	  1	 38	 75	112	
-111	-74	-37	  0	 37	 74	111	
-112	-75	-38	 -1	 36	 73	110	
-113	-76	-39	 -2	 35	 72	109	
-114	-77	-40	 -3	 34	 71	108	
-115	-78	-41	 -4	 33	 70	107	
-116	-79	-42	 -5	 32	 69	106	
-117	-80	-43	 -6	 31	 68	105	
-118	-81	-44	 -7	 30	 67	104	
-119	-82	-45	 -8	 29	 66	103	
-120	-83	-46	 -9	 28	 65	102	
-121	-84	-47	-10	 27	 64	101	
-122	-85	-48	-11	 26	 63	100	
-123	-86	-49	-12	 25	 62	 99	
-124	-87	-50	-13	 24	 61	 98	
-125	-88	-51	-14	 23	 60	 97	
-126	-89	-52	-15	 22	 59	 96	
-127	-90	-53	-16	 21	 58	 95	
-128	-91	-54	-17	 20	 57	 94	
-129	-92	-55	-18	 19	 56	 93	