t1 =
-108	-65	-22	 21	 64	107	
-109	-66	-23	 20	 63	106	
-110	-67	-24	 19	 62	105	
-111	-68	-25	 18	 61	104	
-112	-69	-26	 17	 60	103	
-113	-70	-27	 16	 59	102	
-114	-71	-28	 15	 58	101	
-115	-72	-29	 14	 57	100	
-116	-73	-30	 13	 56	 99	
-117	-74	-31	 12	 55	 98	
-118	-75	-32	 11	 54	 97	
-119	-76	-33	 10	 53	 96	
-120	-77	-34	  9	 52	 95	
-121	-78	-35	  8	 51	 94	
-122	-79	-36	  7	 50	 93	
-123	-80	-37	  6	 49	 92	
-124	-81	-38	  5	 48	 91	
-125	-82	-39	  4	 47	 90	
-126	-83	-40	  3	 46	 89	
-127	-84	-41	  2	 45	 88	
-128	-85	-42	  1	 44	 87	
129	-86	-43	  0	 43	 86	
128	-87	-44	 -1	 42	 85	
127	-88	-45	 -2	 41	 84	
126	-89	-46	 -3	 40	 83	
125	-90	-47	 -4	 39	 82	
124	-91	-48	 -5	 38	 81	
123	-92	-49	 -6	 37	 80	
122	-93	-50	 -7	 36	 79	
121	-94	-51	 -8	 35	 78	
120	-95	-52	 -9	 34	 77	
119	-96	-53	-10	 33	 76	
118	-97	-54	-11	 32	 75	
117	-98	-55	-12	 31	 74	
116	-99	-56	-13	 30	 73	
115	-100	-57	-14	 29	 72	
114	-101	-58	-15	 28	 71	
113	-102	-59	-16	 27	 70	
112	-103	-60	-17	 26	 69	
111	-104	-61	-18	 25	 68	
110	-105	-62	-19	 24	 67	
109	-106	-63	-20	 23	 66	
108	-107	-64	-21	 22	 65	