t1 =
-65	-39	-13	 13	 39	 65	 91	117	-117	-91	
-66	-40	-14	 12	 38	 64	 90	116	-118	-92	
-67	-41	-15	 11	 37	 63	 89	115	-119	-93	
-68	-42	-16	 10	 36	 62	 88	114	-120	-94	
-69	-43	-17	  9	 35	 61	 87	113	-121	-95	
-70	-44	-18	  8	 34	 60	 86	112	-122	-96	
-71	-45	-19	  7	 33	 59	 85	111	-123	-97	
-72	-46	-20	  6	 32	 58	 84	110	-124	-98	
-73	-47	-21	  5	 31	 57	 83	109	-125	-99	
-74	-48	-22	  4	 30	 56	 82	108	-126	-100	
-75	-49	-23	  3	 29	 55	 81	107	-127	-101	
-76	-50	-24	  2	 28	 54	 80	106	-128	-102	
-77	-51	-25	  1	 27	 53	 79	105	-129	-103	
-78	-52	-26	  0	 26	 52	 78	104	130	-104	
-79	-53	-27	 -1	 25	 51	 77	103	129	-105	
-80	-54	-28	 -2	 24	 50	 76	102	128	-106	
-81	-55	-29	 -3	 23	 49	 75	101	127	-107	
-82	-56	-30	 -4	 22	 48	 74	100	126	-108	
-83	-57	-31	 -5	 21	 47	 73	 99	125	-109	
-84	-58	-32	 -6	 20	 46	 72	 98	124	-110	
-85	-59	-33	 -7	 19	 45	 71	 97	123	-111	
-86	-60	-34	 -8	 18	 44	 70	 96	122	-112	
-87	-61	-35	 -9	 17	 43	 69	 95	121	-113	
-88	-62	-36	-10	 16	 42	 68	 94	120	-114	
-89	-63	-37	-11	 15	 41	 67	 93	119	-115	
-90	-64	-38	-12	 14	 40	 66	 92	118	-116	