t1 =
-28	-17	 -6	  5	 16	 27	 38	 49	 60	 71	 82	 93	104	115	126	-127	-116	-105	-94	-83	-72	-61	-50	-39	
-29	-18	 -7	  4	 15	 26	 37	 48	 59	 70	 81	 92	103	114	125	-128	-117	-106	-95	-84	-73	-62	-51	-40	
-30	-19	 -8	  3	 14	 25	 36	 47	 58	 69	 80	 91	102	113	124	-129	-118	-107	-96	-85	-74	-63	-52	-41	
-31	-20	 -9	  2	 13	 24	 35	 46	 57	 68	 79	 90	101	112	123	-130	-119	-108	-97	-86	-75	-64	-53	-42	
-32	-21	-10	  1	 12	 23	 34	 45	 56	 67	 78	 89	100	111	122	-131	-120	-109	-98	-87	-76	-65	-54	-43	
-33	-22	-11	  0	 11	 22	 33	 44	 55	 66	 77	 88	 99	110	121	132	-121	-110	-99	-88	-77	-66	-55	-44	
-34	-23	-12	 -1	 10	 21	 32	 43	 54	 65	 76	 87	 98	109	120	131	-122	-111	-100	-89	-78	-67	-56	-45	
-35	-24	-13	 -2	  9	 20	 31	 42	 53	 64	 75	 86	 97	108	119	130	-123	-112	-101	-90	-79	-68	-57	-46	
-36	-25	-14	 -3	  8	 19	 30	 41	 52	 63	 74	 85	 96	107	118	129	-124	-113	-102	-91	-80	-69	-58	-47	
-37	-26	-15	 -4	  7	 18	 29	 40	 51	 62	 73	 84	 95	106	117	128	-125	-114	-103	-92	-81	-70	-59	-48	
-38	-27	-16	 -5	  6	 17	 28	 39	 50	 61	 72	 83	 94	105	116	127	-126	-115	-104	-93	-82	-71	-60	-49	