t1 =
129	-43	 43	
128	-44	 42	
127	-45	 41	
126	-46	 40	
125	-47	 39	
124	-48	 38	
123	-49	 37	
122	-50	 36	
121	-51	 35	
120	-52	 34	
119	-53	 33	
118	-54	 32	
117	-55	 31	
116	-56	 30	
115	-57	 29	
114	-58	 28	
113	-59	 27	
112	-60	 26	
111	-61	 25	
110	-62	 24	
109	-63	 23	
108	-64	 22	
107	-65	 21	
106	-66	 20	
105	-67	 19	
104	-68	 18	
103	-69	 17	
102	-70	 16	
101	-71	 15	
100	-72	 14	
 99	-73	 13	
 98	-74	 12	
 97	-75	 11	
 96	-76	 10	
 95	-77	  9	
 94	-78	  8	
 93	-79	  7	
 92	-80	  6	
 91	-81	  5	
 90	-82	  4	
 89	-83	  3	
 88	-84	  2	
 87	-85	  1	
 86	-86	  0	
 85	-87	 -1	
 84	-88	 -2	
 83	-89	 -3	
 82	-90	 -4	
 81	-91	 -5	
 80	-92	 -6	
 79	-93	 -7	
 78	-94	 -8	
 77	-95	 -9	
 76	-96	-10	
 75	-97	-11	
 74	-98	-12	
 73	-99	-13	
 72	-100	-14	
 71	-101	-15	
 70	-102	-16	
 69	-103	-17	
 68	-104	-18	
 67	-105	-19	
 66	-106	-20	
 65	-107	-21	
 64	-108	-22	
 63	-109	-23	
 62	-110	-24	
 61	-111	-25	
 60	-112	-26	
 59	-113	-27	
 58	-114	-28	
 57	-115	-29	
 56	-116	-30	
 55	-117	-31	
 54	-118	-32	
 53	-119	-33	
 52	-120	-34	
 51	-121	-35	
 50	-122	-36	
 49	-123	-37	
 48	-124	-38	
 47	-125	-39	
 46	-126	-40	
 45	-127	-41	
 44	-128	-42	