t1 =
-96	-32	 32	 96	
-97	-33	 31	 95	
-98	-34	 30	 94	
-99	-35	 29	 93	
-100	-36	 28	 92	
-101	-37	 27	 91	
-102	-38	 26	 90	
-103	-39	 25	 89	
-104	-40	 24	 88	
-105	-41	 23	 87	
-106	-42	 22	 86	
-107	-43	 21	 85	
-108	-44	 20	 84	
-109	-45	 19	 83	
-110	-46	 18	 82	
-111	-47	 17	 81	
-112	-48	 16	 80	
-113	-49	 15	 79	
-114	-50	 14	 78	
-115	-51	 13	 77	
-116	-52	 12	 76	
-117	-53	 11	 75	
-118	-54	 10	 74	
-119	-55	  9	 73	
-120	-56	  8	 72	
-121	-57	  7	 71	
-122	-58	  6	 70	
-123	-59	  5	 69	
-124	-60	  4	 68	
-125	-61	  3	 67	
-126	-62	  2	 66	
-127	-63	  1	 65	
128	-64	  0	 64	
127	-65	 -1	 63	
126	-66	 -2	 62	
125	-67	 -3	 61	
124	-68	 -4	 60	
123	-69	 -5	 59	
122	-70	 -6	 58	
121	-71	 -7	 57	
120	-72	 -8	 56	
119	-73	 -9	 55	
118	-74	-10	 54	
117	-75	-11	 53	
116	-76	-12	 52	
115	-77	-13	 51	
114	-78	-14	 50	
113	-79	-15	 49	
112	-80	-16	 48	
111	-81	-17	 47	
110	-82	-18	 46	
109	-83	-19	 45	
108	-84	-20	 44	
107	-85	-21	 43	
106	-86	-22	 42	
105	-87	-23	 41	
104	-88	-24	 40	
103	-89	-25	 39	
102	-90	-26	 38	
101	-91	-27	 37	
100	-92	-28	 36	
 99	-93	-29	 35	
 98	-94	-30	 34	
 97	-95	-31	 33	