t1 =
-16	 16	 48	 80	112	-112	-80	-48	
-17	 15	 47	 79	111	-113	-81	-49	
-18	 14	 46	 78	110	-114	-82	-50	
-19	 13	 45	 77	109	-115	-83	-51	
-20	 12	 44	 76	108	-116	-84	-52	
-21	 11	 43	 75	107	-117	-85	-53	
-22	 10	 42	 74	106	-118	-86	-54	
-23	  9	 41	 73	105	-119	-87	-55	
-24	  8	 40	 72	104	-120	-88	-56	
-25	  7	 39	 71	103	-121	-89	-57	
-26	  6	 38	 70	102	-122	-90	-58	
-27	  5	 37	 69	101	-123	-91	-59	
-28	  4	 36	 68	100	-124	-92	-60	
-29	  3	 35	 67	 99	-125	-93	-61	
-30	  2	 34	 66	 98	-126	-94	-62	
-31	  1	 33	 65	 97	-127	-95	-63	
-32	  0	 32	 64	 96	128	-96	-64	
-33	 -1	 31	 63	 95	127	-97	-65	
-34	 -2	 30	 62	 94	126	-98	-66	
-35	 -3	 29	 61	 93	125	-99	-67	
-36	 -4	 28	 60	 92	124	-100	-68	
-37	 -5	 27	 59	 91	123	-101	-69	
-38	 -6	 26	 58	 90	122	-102	-70	
-39	 -7	 25	 57	 89	121	-103	-71	
-40	 -8	 24	 56	 88	120	-104	-72	
-41	 -9	 23	 55	 87	119	-105	-73	
-42	-10	 22	 54	 86	118	-106	-74	
-43	-11	 21	 53	 85	117	-107	-75	
-44	-12	 20	 52	 84	116	-108	-76	
-45	-13	 19	 51	 83	115	-109	-77	
-46	-14	 18	 50	 82	114	-110	-78	
-47	-15	 17	 49	 81	113	-111	-79	