t1 =
 -8	  8	 24	 40	 56	 72	 88	104	120	-120	-104	-88	-72	-56	-40	-24	
 -9	  7	 23	 39	 55	 71	 87	103	119	-121	-105	-89	-73	-57	-41	-25	
-10	  6	 22	 38	 54	 70	 86	102	118	-122	-106	-90	-74	-58	-42	-26	
-11	  5	 21	 37	 53	 69	 85	101	117	-123	-107	-91	-75	-59	-43	-27	
-12	  4	 20	 36	 52	 68	 84	100	116	-124	-108	-92	-76	-60	-44	-28	
-13	  3	 19	 35	 51	 67	 83	 99	115	-125	-109	-93	-77	-61	-45	-29	
-14	  2	 18	 34	 50	 66	 82	 98	114	-126	-110	-94	-78	-62	-46	-30	
-15	  1	 17	 33	 49	 65	 81	 97	113	-127	-111	-95	-79	-63	-47	-31	
-16	  0	 16	 32	 48	 64	 80	 96	112	128	-112	-96	-80	-64	-48	-32	
-17	 -1	 15	 31	 47	 63	 79	 95	111	127	-113	-97	-81	-65	-49	-33	
-18	 -2	 14	 30	 46	 62	 78	 94	110	126	-114	-98	-82	-66	-50	-34	
-19	 -3	 13	 29	 45	 61	 77	 93	109	125	-115	-99	-83	-67	-51	-35	
-20	 -4	 12	 28	 44	 60	 76	 92	108	124	-116	-100	-84	-68	-52	-36	
-21	 -5	 11	 27	 43	 59	 75	 91	107	123	-117	-101	-85	-69	-53	-37	
-22	 -6	 10	 26	 42	 58	 74	 90	106	122	-118	-102	-86	-70	-54	-38	
-23	 -7	  9	 25	 41	 57	 73	 89	105	121	-119	-103	-87	-71	-55	-39	