t1 =
-55	-33	-11	 11	 33	 55	 77	 99	121	-121	-99	-77	
-56	-34	-12	 10	 32	 54	 76	 98	120	-122	-100	-78	
-57	-35	-13	  9	 31	 53	 75	 97	119	-123	-101	-79	
-58	-36	-14	  8	 30	 52	 74	 96	118	-124	-102	-80	
-59	-37	-15	  7	 29	 51	 73	 95	117	-125	-103	-81	
-60	-38	-16	  6	 28	 50	 72	 94	116	-126	-104	-82	
-61	-39	-17	  5	 27	 49	 71	 93	115	-127	-105	-83	
-62	-40	-18	  4	 26	 48	 70	 92	114	-128	-106	-84	
-63	-41	-19	  3	 25	 47	 69	 91	113	-129	-107	-85	
-64	-42	-20	  2	 24	 46	 68	 90	112	-130	-108	-86	
-65	-43	-21	  1	 23	 45	 67	 89	111	-131	-109	-87	
-66	-44	-22	  0	 22	 44	 66	 88	110	132	-110	-88	
-67	-45	-23	 -1	 21	 43	 65	 87	109	131	-111	-89	
-68	-46	-24	 -2	 20	 42	 64	 86	108	130	-112	-90	
-69	-47	-25	 -3	 19	 41	 63	 85	107	129	-113	-91	
-70	-48	-26	 -4	 18	 40	 62	 84	106	128	-114	-92	
-71	-49	-27	 -5	 17	 39	 61	 83	105	127	-115	-93	
-72	-50	-28	 -6	 16	 38	 60	 82	104	126	-116	-94	
-73	-51	-29	 -7	 15	 37	 59	 81	103	125	-117	-95	
-74	-52	-30	 -8	 14	 36	 58	 80	102	124	-118	-96	
-75	-53	-31	 -9	 13	 35	 57	 79	101	123	-119	-97	
-76	-54	-32	-10	 12	 34	 56	 78	100	122	-120	-98	