t1 =
-38	-23	 -8	  7	 22	 37	 52	 67	 82	 97	112	127	-128	-113	-98	-83	-68	-53	
-39	-24	 -9	  6	 21	 36	 51	 66	 81	 96	111	126	-129	-114	-99	-84	-69	-54	
-40	-25	-10	  5	 20	 35	 50	 65	 80	 95	110	125	-130	-115	-100	-85	-70	-55	
-41	-26	-11	  4	 19	 34	 49	 64	 79	 94	109	124	-131	-116	-101	-86	-71	-56	
-42	-27	-12	  3	 18	 33	 48	 63	 78	 93	108	123	-132	-117	-102	-87	-72	-57	
-43	-28	-13	  2	 17	 32	 47	 62	 77	 92	107	122	-133	-118	-103	-88	-73	-58	
-44	-29	-14	  1	 16	 31	 46	 61	 76	 91	106	121	-134	-119	-104	-89	-74	-59	
-45	-30	-15	  0	 15	 30	 45	 60	 75	 90	105	120	135	-120	-105	-90	-75	-60	
-46	-31	-16	 -1	 14	 29	 44	 59	 74	 89	104	119	134	-121	-106	-91	-76	-61	
-47	-32	-17	 -2	 13	 28	 43	 58	 73	 88	103	118	133	-122	-107	-92	-77	-62	
-48	-33	-18	 -3	 12	 27	 42	 57	 72	 87	102	117	132	-123	-108	-93	-78	-63	
-49	-34	-19	 -4	 11	 26	 41	 56	 71	 86	101	116	131	-124	-109	-94	-79	-64	
-50	-35	-20	 -5	 10	 25	 40	 55	 70	 85	100	115	130	-125	-110	-95	-80	-65	
-51	-36	-21	 -6	  9	 24	 39	 54	 69	 84	 99	114	129	-126	-111	-96	-81	-66	
-52	-37	-22	 -7	  8	 23	 38	 53	 68	 83	 98	113	128	-127	-112	-97	-82	-67	