t1 =
112	-112	-80	-48	-16	 16	 48	 80	
111	-113	-81	-49	-17	 15	 47	 79	
110	-114	-82	-50	-18	 14	 46	 78	
109	-115	-83	-51	-19	 13	 45	 77	
108	-116	-84	-52	-20	 12	 44	 76	
107	-117	-85	-53	-21	 11	 43	 75	
106	-118	-86	-54	-22	 10	 42	 74	
105	-119	-87	-55	-23	  9	 41	 73	
104	-120	-88	-56	-24	  8	 40	 72	
103	-121	-89	-57	-25	  7	 39	 71	
102	-122	-90	-58	-26	  6	 38	 70	
101	-123	-91	-59	-27	  5	 37	 69	
100	-124	-92	-60	-28	  4	 36	 68	
 99	-125	-93	-61	-29	  3	 35	 67	
 98	-126	-94	-62	-30	  2	 34	 66	
 97	-127	-95	-63	-31	  1	 33	 65	
 96	128	-96	-64	-32	  0	 32	 64	
 95	127	-97	-65	-33	 -1	 31	 63	
 94	126	-98	-66	-34	 -2	 30	 62	
 93	125	-99	-67	-35	 -3	 29	 61	
 92	124	-100	-68	-36	 -4	 28	 60	
 91	123	-101	-69	-37	 -5	 27	 59	
 90	122	-102	-70	-38	 -6	 26	 58	
 89	121	-103	-71	-39	 -7	 25	 57	
 88	120	-104	-72	-40	 -8	 24	 56	
 87	119	-105	-73	-41	 -9	 23	 55	
 86	118	-106	-74	-42	-10	 22	 54	
 85	117	-107	-75	-43	-11	 21	 53	
 84	116	-108	-76	-44	-12	 20	 52	
 83	115	-109	-77	-45	-13	 19	 51	
 82	114	-110	-78	-46	-14	 18	 50	
 81	113	-111	-79	-47	-15	 17	 49	