t1 =
 43	129	-43	
 42	128	-44	
 41	127	-45	
 40	126	-46	
 39	125	-47	
 38	124	-48	
 37	123	-49	
 36	122	-50	
 35	121	-51	
 34	120	-52	
 33	119	-53	
 32	118	-54	
 31	117	-55	
 30	116	-56	
 29	115	-57	
 28	114	-58	
 27	113	-59	
 26	112	-60	
 25	111	-61	
 24	110	-62	
 23	109	-63	
 22	108	-64	
 21	107	-65	
 20	106	-66	
 19	105	-67	
 18	104	-68	
 17	103	-69	
 16	102	-70	
 15	101	-71	
 14	100	-72	
 13	 99	-73	
 12	 98	-74	
 11	 97	-75	
 10	 96	-76	
  9	 95	-77	
  8	 94	-78	
  7	 93	-79	
  6	 92	-80	
  5	 91	-81	
  4	 90	-82	
  3	 89	-83	
  2	 88	-84	
  1	 87	-85	
  0	 86	-86	
 -1	 85	-87	
 -2	 84	-88	
 -3	 83	-89	
 -4	 82	-90	
 -5	 81	-91	
 -6	 80	-92	
 -7	 79	-93	
 -8	 78	-94	
 -9	 77	-95	
-10	 76	-96	
-11	 75	-97	
-12	 74	-98	
-13	 73	-99	
-14	 72	-100	
-15	 71	-101	
-16	 70	-102	
-17	 69	-103	
-18	 68	-104	
-19	 67	-105	
-20	 66	-106	
-21	 65	-107	
-22	 64	-108	
-23	 63	-109	
-24	 62	-110	
-25	 61	-111	
-26	 60	-112	
-27	 59	-113	
-28	 58	-114	
-29	 57	-115	
-30	 56	-116	
-31	 55	-117	
-32	 54	-118	
-33	 53	-119	
-34	 52	-120	
-35	 51	-121	
-36	 50	-122	
-37	 49	-123	
-38	 48	-124	
-39	 47	-125	
-40	 46	-126	
-41	 45	-127	
-42	 44	-128	