t1 =
-160	-96	-32	 32	 96	160	224	-224	
-161	-97	-33	 31	 95	159	223	-225	
-162	-98	-34	 30	 94	158	222	-226	
-163	-99	-35	 29	 93	157	221	-227	
-164	-100	-36	 28	 92	156	220	-228	
-165	-101	-37	 27	 91	155	219	-229	
-166	-102	-38	 26	 90	154	218	-230	
-167	-103	-39	 25	 89	153	217	-231	
-168	-104	-40	 24	 88	152	216	-232	
-169	-105	-41	 23	 87	151	215	-233	
-170	-106	-42	 22	 86	150	214	-234	
-171	-107	-43	 21	 85	149	213	-235	
-172	-108	-44	 20	 84	148	212	-236	
-173	-109	-45	 19	 83	147	211	-237	
-174	-110	-46	 18	 82	146	210	-238	
-175	-111	-47	 17	 81	145	209	-239	
-176	-112	-48	 16	 80	144	208	-240	
-177	-113	-49	 15	 79	143	207	-241	
-178	-114	-50	 14	 78	142	206	-242	
-179	-115	-51	 13	 77	141	205	-243	
-180	-116	-52	 12	 76	140	204	-244	
-181	-117	-53	 11	 75	139	203	-245	
-182	-118	-54	 10	 74	138	202	-246	
-183	-119	-55	  9	 73	137	201	-247	
-184	-120	-56	  8	 72	136	200	-248	
-185	-121	-57	  7	 71	135	199	-249	
-186	-122	-58	  6	 70	134	198	-250	
-187	-123	-59	  5	 69	133	197	-251	
-188	-124	-60	  4	 68	132	196	-252	
-189	-125	-61	  3	 67	131	195	-253	
-190	-126	-62	  2	 66	130	194	-254	
-191	-127	-63	  1	 65	129	193	-255	
-192	-128	-64	  0	 64	128	192	256	
-193	-129	-65	 -1	 63	127	191	255	
-194	-130	-66	 -2	 62	126	190	254	
-195	-131	-67	 -3	 61	125	189	253	
-196	-132	-68	 -4	 60	124	188	252	
-197	-133	-69	 -5	 59	123	187	251	
-198	-134	-70	 -6	 58	122	186	250	
-199	-135	-71	 -7	 57	121	185	249	
-200	-136	-72	 -8	 56	120	184	248	
-201	-137	-73	 -9	 55	119	183	247	
-202	-138	-74	-10	 54	118	182	246	
-203	-139	-75	-11	 53	117	181	245	
-204	-140	-76	-12	 52	116	180	244	
-205	-141	-77	-13	 51	115	179	243	
-206	-142	-78	-14	 50	114	178	242	
-207	-143	-79	-15	 49	113	177	241	
-208	-144	-80	-16	 48	112	176	240	
-209	-145	-81	-17	 47	111	175	239	
-210	-146	-82	-18	 46	110	174	238	
-211	-147	-83	-19	 45	109	173	237	
-212	-148	-84	-20	 44	108	172	236	
-213	-149	-85	-21	 43	107	171	235	
-214	-150	-86	-22	 42	106	170	234	
-215	-151	-87	-23	 41	105	169	233	
-216	-152	-88	-24	 40	104	168	232	
-217	-153	-89	-25	 39	103	167	231	
-218	-154	-90	-26	 38	102	166	230	
-219	-155	-91	-27	 37	101	165	229	
-220	-156	-92	-28	 36	100	164	228	
-221	-157	-93	-29	 35	 99	163	227	
-222	-158	-94	-30	 34	 98	162	226	
-223	-159	-95	-31	 33	 97	161	225	