t1 =
192	-192	-64	 64	
191	-193	-65	 63	
190	-194	-66	 62	
189	-195	-67	 61	
188	-196	-68	 60	
187	-197	-69	 59	
186	-198	-70	 58	
185	-199	-71	 57	
184	-200	-72	 56	
183	-201	-73	 55	
182	-202	-74	 54	
181	-203	-75	 53	
180	-204	-76	 52	
179	-205	-77	 51	
178	-206	-78	 50	
177	-207	-79	 49	
176	-208	-80	 48	
175	-209	-81	 47	
174	-210	-82	 46	
173	-211	-83	 45	
172	-212	-84	 44	
171	-213	-85	 43	
170	-214	-86	 42	
169	-215	-87	 41	
168	-216	-88	 40	
167	-217	-89	 39	
166	-218	-90	 38	
165	-219	-91	 37	
164	-220	-92	 36	
163	-221	-93	 35	
162	-222	-94	 34	
161	-223	-95	 33	
160	-224	-96	 32	
159	-225	-97	 31	
158	-226	-98	 30	
157	-227	-99	 29	
156	-228	-100	 28	
155	-229	-101	 27	
154	-230	-102	 26	
153	-231	-103	 25	
152	-232	-104	 24	
151	-233	-105	 23	
150	-234	-106	 22	
149	-235	-107	 21	
148	-236	-108	 20	
147	-237	-109	 19	
146	-238	-110	 18	
145	-239	-111	 17	
144	-240	-112	 16	
143	-241	-113	 15	
142	-242	-114	 14	
141	-243	-115	 13	
140	-244	-116	 12	
139	-245	-117	 11	
138	-246	-118	 10	
137	-247	-119	  9	
136	-248	-120	  8	
135	-249	-121	  7	
134	-250	-122	  6	
133	-251	-123	  5	
132	-252	-124	  4	
131	-253	-125	  3	
130	-254	-126	  2	
129	-255	-127	  1	
128	256	-128	  0	
127	255	-129	 -1	
126	254	-130	 -2	
125	253	-131	 -3	
124	252	-132	 -4	
123	251	-133	 -5	
122	250	-134	 -6	
121	249	-135	 -7	
120	248	-136	 -8	
119	247	-137	 -9	
118	246	-138	-10	
117	245	-139	-11	
116	244	-140	-12	
115	243	-141	-13	
114	242	-142	-14	
113	241	-143	-15	
112	240	-144	-16	
111	239	-145	-17	
110	238	-146	-18	
109	237	-147	-19	
108	236	-148	-20	
107	235	-149	-21	
106	234	-150	-22	
105	233	-151	-23	
104	232	-152	-24	
103	231	-153	-25	
102	230	-154	-26	
101	229	-155	-27	
100	228	-156	-28	
 99	227	-157	-29	
 98	226	-158	-30	
 97	225	-159	-31	
 96	224	-160	-32	
 95	223	-161	-33	
 94	222	-162	-34	
 93	221	-163	-35	
 92	220	-164	-36	
 91	219	-165	-37	
 90	218	-166	-38	
 89	217	-167	-39	
 88	216	-168	-40	
 87	215	-169	-41	
 86	214	-170	-42	
 85	213	-171	-43	
 84	212	-172	-44	
 83	211	-173	-45	
 82	210	-174	-46	
 81	209	-175	-47	
 80	208	-176	-48	
 79	207	-177	-49	
 78	206	-178	-50	
 77	205	-179	-51	
 76	204	-180	-52	
 75	203	-181	-53	
 74	202	-182	-54	
 73	201	-183	-55	
 72	200	-184	-56	
 71	199	-185	-57	
 70	198	-186	-58	
 69	197	-187	-59	
 68	196	-188	-60	
 67	195	-189	-61	
 66	194	-190	-62	
 65	193	-191	-63	