t1 =
-60	-36	-12	 12	 36	 60	 84	108	132	-108	-84	
-61	-37	-13	 11	 35	 59	 83	107	131	-109	-85	
-62	-38	-14	 10	 34	 58	 82	106	130	-110	-86	
-63	-39	-15	  9	 33	 57	 81	105	129	-111	-87	
-64	-40	-16	  8	 32	 56	 80	104	128	-112	-88	
-65	-41	-17	  7	 31	 55	 79	103	127	-113	-89	
-66	-42	-18	  6	 30	 54	 78	102	126	-114	-90	
-67	-43	-19	  5	 29	 53	 77	101	125	-115	-91	
-68	-44	-20	  4	 28	 52	 76	100	124	-116	-92	
-69	-45	-21	  3	 27	 51	 75	 99	123	-117	-93	
-70	-46	-22	  2	 26	 50	 74	 98	122	-118	-94	
-71	-47	-23	  1	 25	 49	 73	 97	121	-119	-95	
-72	-48	-24	  0	 24	 48	 72	 96	120	-120	-96	
-73	-49	-25	 -1	 23	 47	 71	 95	119	-121	-97	
-74	-50	-26	 -2	 22	 46	 70	 94	118	-122	-98	
-75	-51	-27	 -3	 21	 45	 69	 93	117	-123	-99	
-76	-52	-28	 -4	 20	 44	 68	 92	116	-124	-100	
-77	-53	-29	 -5	 19	 43	 67	 91	115	-125	-101	
-78	-54	-30	 -6	 18	 42	 66	 90	114	-126	-102	
-79	-55	-31	 -7	 17	 41	 65	 89	113	-127	-103	
-80	-56	-32	 -8	 16	 40	 64	 88	112	-128	-104	
-81	-57	-33	 -9	 15	 39	 63	 87	111	-129	-105	
-82	-58	-34	-10	 14	 38	 62	 86	110	-130	-106	
-83	-59	-35	-11	 13	 37	 61	 85	109	-131	-107	